[Veh_Name]
    name = MD_530FF
[Sizing Results]
    SizedGrossWeight = 3105.95703125
    GrossWeight = 3105.95703125
    CouldTrim = True
    MisSize = 4.44555562246
    Nothing = 0.0
    Payload = 400.0
    TotalWeight = 1992.51147563
    FuelUsedLb = 445.692952212
    FuelUsedGal = 65.2551906607
    TotalRange = 354.02
    StopReason = Converged to within specified tolerances
    GoodRun = True
    SizedWeightFound = True
[Economics]
    HarrisScullyPrice = 970401.019639
[Performance]
    MaxBladeLoadingSeen = 0.00519487446951
    Nothing = 0.0
    MissionRange = 354.02
[Main Rotor]
    DiskLoading = 5.6
    NumRotors = 1
    NumBlades = 5
    TipSpeed = 683.0
    Kint = 1.0
    Kov = 1.0
    AirfoilFile = NACA_0015.c81
    DragDivergenceMachNumber = 0.785
    Solidity = 0.0653
    TaperPosition = 1.0
    TaperRatio = 1.0
    TipTwist = -9.5
    RootCutout = 0.15
    Radius = 13.2870561954
    Omega = 51.4034102026
    DiskArea = 554.635184152
    AverageChord = 0.641361513878
[Weights]
    BaselineGrossWeight = 3460.0
    BaselineEmptyWeight = 1591.0
    NumEngines = 1.0
    BaselineWeightPerEngine = 231.0
    BaselineDriveSystemWeightScalingFactor = 0.07
    StructureWeightTechImprovementFactor = 0.07
    EngineWeightTechImprovementFactor = 0.07
    DriveSystemWeightTechImprovementFactor = 0.07
    UsefulLoad = 1509.0
    baselineEmptyWeightFraction = 0.459826589595
    baselineEngineWeightFraction = 0.0667630057803
    baselineDriveSystemWeightFraction = 0.00467341040462
    scaledEngineWeight = 123.222061408
    scaledDriveSystemWeight = 217.709642658
    scaledStructureWeight = 1043.34892701
    scaledRotorWeight = 109.193961506
    EmptyWeightFraction = 0.369231934594
    EmptyWeight = 1146.81852342
    MaxAvailableFuelWeight = 450.138507835
[Powerplant]
    BaselineMRP = 650.0
    BaselineMCP = 550.0
    BaselineSFC = 0.592
    SFCTechImprovementFactor = 0.0
    TransmissionEfficiency = 0.0
    IdlePower = 50.0
    MRP = 468.480133153
    MCP = 360.369333194
    SFC = 0.637876339781
[Body]
    DragTechImprovementFactor = 0.0
    DownwashFactor = 0.08
    BaselineFlatPlate = 18.0
    FlatPlateDrag = 8.35966705097
[Antitorque]
    AntitorquePowerFactor = 0.1
    TailLength_RotorRadiusRatio = 1.1
    NumBladesTail = 4
    TailSolidity = 0.0653
    TailDiskLoading = 10.0
    TipSpeed = 683.0
    CD0 = 0.001
    SizingSpeed = 50.0
    Radius = 2.0934035822
    DiskArea = 13.7675226192
[Simulation]
    TimeStep = 2000.0
    MaxSteps = 1000.0
    GWMin = 1000.0
    GWmax = 20000.0
    GWTolerance = 25.0
    TrimAccuracyPercentage = 0.1
    numBladeElementSegments = 30
    PowerCurveResolution = 5.0
    HoverCeilingMax = 30000.0
    HoverCeilingMin = 0.0
    HoverCeilingTolerance = 10.0
    CT_SigmaTolerance = 10.0
    CT_SigmaCurveResolution = 10.0
    Curve_Altitude = 1710.0
[Engine Scaling]
    RequiredHoverHeight = 0.0
    DeltaTemp = 15.0
    CruiseAltitude = 3000.0
    HoverPowerAtAlt = 360.369333194
    HoverPower = 360.369333194
    CruisePower = 1.0
[Power Curve]
[Condition]
    CruiseAltitude = 3000.0
    Weight = 1501.26038257
    Density = 0.00224888241184
    Speed = 0.0
    ClimbRate = 0.0
    Distance = 0.0
    ClimbSegment = False
    IdleSegment = 5.0
    IGE = True
    Altitude = 2000.0
    DeltaTemp = 0.0
    CrewWeight = 400.0
    PayloadWeight = 0.0
    MiscWeight = 0.0
    DensityRatio = 0.94583095853
    DeltaLoad = 0.0
    95_powerAvail = 314.58147049
    IGE Multiplier = 1.03643724696
    StartAltitude = 7000.0
[Trim Failure]
[OEC]
