MaxLoad = 1106.0
NumSegments = 4
TotalTime = 137.111111111
Mission Fuel Left = -314.346293028
[Segment 1]
    Distance = 0.2
    Speed = 1.0
    ClimbSegment = False
    ClimbRate = 0.0
    IdleSegment = 0.0
    IGE = True
    Altitude = 0.0
    DeltaTemp = 0.0
    CrewWeight = 400.0
    PayloadWeight = 706.0
    MiscWeight = 0.0
    Density = 0.00237767900444
    DensityRatio = 1.0
    DeltaLoad = 1106.0
    95_powerAvail = 507.813958064
    IGE Multiplier = 1.03643724696
    StartTime = 0
    Time = 12.0
    EndTime = 12.0
    Segment Fuel Used = 40.1689723289
    Total Fuel = 40.1689723289
[Segment 2]
    Distance = 15.8333333333
    Speed = 95.0
    ClimbSegment = True
    ClimbRate = 500.0
    IdleSegment = 0.0
    IGE = False
    Altitude = 5000.0
    DeltaTemp = 0.0
    CrewWeight = 400.0
    PayloadWeight = 706.0
    MiscWeight = 0.0
    Density = 0.00204880974788
    DensityRatio = 0.861684753936
    DeltaLoad = 0.0
    StartAltitude = 0.0
    95_powerAvail = 437.138134701
    IGE Multiplier = 1.0
    StartTime = 12.0
    Time = 10.0
    EndTime = 22.0
    Segment Fuel Used = 30.1169241118
    Total Fuel = 70.2858964407
[Segment 3]
    Distance = 232.0
    Speed = 135.0
    ClimbSegment = False
    ClimbRate = 0.0
    IdleSegment = 0.0
    IGE = False
    Altitude = 5000.0
    DeltaTemp = 0.0
    CrewWeight = 400.0
    PayloadWeight = 706.0
    MiscWeight = 0.0
    Density = 0.00204880974788
    DensityRatio = 0.861684753936
    DeltaLoad = 0.0
    95_powerAvail = 437.138134701
    IGE Multiplier = 1.0
    StartTime = 22.0
    Warning Message = Warning: More Power Required than available
    Time = 103.111111111
    EndTime = 125.111111111
    Segment Fuel Used = 570.501905104
    Total Fuel = 640.787801545
[Segment 4]
    Distance = 0.2
    Speed = 1.0
    ClimbSegment = False
    ClimbRate = 0.0
    IdleSegment = 0.0
    IGE = False
    Altitude = 0.0
    DeltaTemp = 0.0
    CrewWeight = 400.0
    PayloadWeight = 706.0
    MiscWeight = 0.0
    Density = 0.00237767900444
    DensityRatio = 1.0
    DeltaLoad = 0.0
    95_powerAvail = 507.813958064
    IGE Multiplier = 1.0
    StartTime = 125.111111111
    Time = 12.0
    EndTime = 137.111111111
    Segment Fuel Used = 33.5584914828
    Total Fuel = 674.346293028
